.Random.seed <-
c(10403L, 624L, 893530967L, 905283500L, 892166333L, 1140658266L, 
1540663827L, 141368L, 1174211801L, -232567098L, 795279L, -905449596L, 
520650933L, -921878030L, -303490869L, 1924540816L, 1166776401L, 
1607865822L, -1284912953L, -743513508L, 1189474221L, 1660532362L, 
-1496961405L, -879565336L, 1614209737L, -1203712010L, -1502870017L, 
-959594444L, 1706659237L, 1869401634L, -1900360901L, -1826505408L, 
1172360257L, 732159246L, 562018871L, 166979852L, 1144208029L, 
1906108602L, -617492749L, -581431400L, -941148999L, 109813030L, 
-236075665L, -1814250268L, 1514067605L, 1271686738L, 2050103723L, 
2132229360L, 816053297L, 1129345086L, 1834682279L, 955227068L, 
1585725837L, -1463179542L, 232688483L, -206789304L, -1964178775L, 
1268168278L, -448241441L, -1463818860L, -974693499L, -1787884926L, 
1475740699L, -229529440L, -644601823L, -372322450L, -1970097897L, 
462223980L, 856163453L, 1243803930L, 357786579L, -1280596232L, 
1055345817L, 1790253958L, -1057826737L, -1346225596L, -708699019L, 
609729202L, 1231915659L, -414449584L, 338710545L, -288228706L, 
-495077753L, 2004288796L, -1163033747L, -804534454L, -103327677L, 
1496323240L, -248180087L, -335950666L, 1931750335L, 904837876L, 
178133349L, -1589020958L, 1505733883L, 1195459584L, -1548258303L, 
-556994098L, -1003284489L, -854017076L, 975421021L, 497494394L, 
1701931187L, 1725230680L, 385176697L, 741853670L, 131291951L, 
1527801764L, 688542293L, -1245233390L, -304911509L, -1708362832L, 
724079601L, 854766846L, -729164441L, 127737468L, 836351309L, 
-1361569878L, 334009635L, 1442133000L, 2097615465L, -1929243882L, 
414672543L, -2119024556L, 693487429L, 1007948610L, 877643227L, 
-1228370080L, 490909665L, -2127150034L, 2115563223L, 753872172L, 
1308518461L, -935226918L, 1120132499L, 1185670584L, 940133465L, 
-1532254138L, 1028083215L, -14727932L, 663713845L, 1865610098L, 
-1784955829L, 1922078480L, -1400584239L, -1404395682L, 1631020103L, 
230287324L, 1451284269L, -1488545782L, 558514691L, -1345059992L, 
-1805974967L, 1850182006L, 2059014527L, -882739788L, 1401316645L, 
451338146L, 601771707L, 1371507392L, -1154622527L, 329434766L, 
-1006881353L, -177713524L, 521142813L, -1307956678L, 1082311283L, 
252218648L, 102446137L, 2041099942L, -1274629905L, 826724964L, 
-523661803L, -877471790L, 184450347L, 928017008L, -885199951L, 
-1015957058L, 37643047L, 1512399164L, 1998252301L, -1485879190L, 
53763811L, -1734049080L, 422109737L, 459419606L, 434383967L, 
2119654164L, -156765435L, -19276798L, 10700699L, 352204320L, 
-294586463L, -1532331794L, -40571753L, -1931730964L, 433097725L, 
-820448614L, 233183059L, -406657928L, 1629686809L, -1664682746L, 
-1698069553L, -1294004284L, -1607429131L, 1381952562L, -1271681525L, 
-1690047024L, -1236729967L, -1392507874L, -1923689977L, 1765247644L, 
-1642075411L, 694823114L, -1226904637L, -1371622872L, 1768469001L, 
1810499126L, 1391310655L, 837349492L, -1137544987L, -1257961374L, 
1054257275L, -379809408L, 604242817L, 249912142L, -291826825L, 
94544204L, 1723336157L, -1618613510L, 1982192691L, 1689447384L, 
-1525099527L, 1268671334L, -62404945L, 1900018980L, -314799659L, 
-1773195118L, -1821159701L, 1027809584L, -1734278287L, 1770880638L, 
876130535L, 1665688572L, -1844978483L, 860829994L, 1434577059L, 
-92630648L, 1595044329L, -2089349994L, 1586410015L, -1452329516L, 
-1986142523L, 377513154L, -290420389L, -1548575520L, -992018591L, 
-118788690L, -1228494249L, 504615596L, -365006915L, 795415386L, 
1618612499L, -2052021448L, -1443591207L, 264700358L, -1086752369L, 
-2050909564L, -1956286539L, 916169970L, 1190485963L, -1473903472L, 
-1724057775L, -978179874L, -2070151225L, 481291612L, -716521811L, 
1463187850L, 341136771L, -214949656L, 1344152009L, -777960714L, 
1367284991L, -733861068L, -2141045595L, 140767522L, -1133981125L, 
81287232L, 905571137L, -715870194L, -774917833L, 1082635276L, 
1155254685L, 383413178L, -803555853L, -1231811944L, -1011993671L, 
-1093087194L, -1504273297L, 901507044L, 2049131925L, -564377262L, 
150069419L, 1388615664L, -619390159L, 1510343486L, 1748549287L, 
365307580L, -1503620979L, -1288181270L, 1150366307L, 2050449480L, 
243515817L, 302033238L, 477558751L, -843460460L, -34108795L, 
2076683650L, -264795365L, -1180318816L, -666056927L, -491183506L, 
393095191L, -2091498132L, -754445443L, 2045899802L, -465581357L, 
-818601480L, -1036137575L, 2053885574L, 1347891023L, -226040508L, 
-185726091L, 1151933874L, -1348415093L, -1611211952L, 2099293969L, 
-1960768098L, 617016711L, 2061701148L, -4107667L, -244610486L, 
1399684931L, -580366424L, -398765687L, 1278033846L, -1943125313L, 
-584178188L, -1680488347L, 1841535458L, 1851044859L, 1525866240L, 
147821313L, 733005006L, -1151725833L, -1462270260L, -1388622499L, 
147303546L, -668905549L, 325839192L, -241478791L, -1340605210L, 
938684975L, 1501205156L, 1933427029L, 748298770L, -1388694933L, 
-560673104L, -1705479439L, -1986312194L, 1543408743L, 610183548L, 
-1746598835L, 1206475434L, -903726045L, -694489336L, -1489186455L, 
-742455786L, 1230831007L, 1979132756L, 796194373L, -412109246L, 
-1225241381L, 1838656096L, 544886497L, -2032953554L, 1296786903L, 
526612524L, -1477609667L, -9202470L, 49759379L, 856711352L, 431934297L, 
427121478L, -1276992241L, 871297028L, -1467324619L, 1699174002L, 
267780939L, 1232499216L, 1236543185L, 1376563806L, 194485063L, 
-1768885540L, -515660243L, 2026461962L, 1307011331L, -1951973784L, 
-1853865655L, 1213070454L, -658823041L, 929882292L, -900918235L, 
-35388766L, -430287429L, 1651254720L, 1950677697L, -1766221426L, 
-1191564105L, 22157708L, 1402376477L, 638430522L, -671504013L, 
1241155608L, 2124428089L, -1139021402L, -153253905L, 2000420196L, 
-2075394795L, -909591854L, -2113125333L, 125027696L, -1641297231L, 
-1391637314L, -1924523481L, 30534716L, 173357069L, -769422486L, 
-1611332125L, -1905967672L, 1761452329L, -1787682090L, -1694448801L, 
-320387564L, -1177148923L, -768049406L, -1263350117L, -1773645536L, 
1428657825L, -906310674L, 1176396695L, 352021228L, -55665923L, 
-793905766L, -429883821L, -536715400L, -533230823L, -375150586L, 
261872335L, 1153022660L, 838501109L, 1094078258L, 1236595979L, 
728025296L, -1497932143L, 792008478L, -1764882169L, 1115264412L, 
-40781331L, 772795338L, -1652354365L, -592646872L, 1806496009L, 
-222070474L, -857354689L, -1916904588L, -2021122075L, -1853543582L, 
1983494011L, 1376005248L, 270148225L, 1529818702L, -1737487753L, 
-860394420L, -1414687523L, -546542086L, -647773389L, -385882408L, 
2055000825L, 1067751014L, -388653649L, -373282780L, 420346069L, 
-1096281198L, 1227363819L, -1272873936L, 1850663537L, 958140798L, 
970680295L, -522195204L, 1634806733L, -223970262L, 1070174115L, 
-531215224L, 1401303273L, -472252522L, -2027796193L, 1028268244L, 
-119861819L, 1960970178L, 455544923L, -898123808L, -300638623L, 
1357824174L, -1348001449L, 1188961708L, 621510333L, -1100933542L, 
2017163283L, -993321416L, 90704601L, -1481198394L, 1229115535L, 
-542685820L, -587309387L, 1094060018L, -23222581L, -1937645680L, 
-68528559L, -145081378L, -466995513L, 291305564L, -1737781843L, 
301939850L, -1677689725L, 1866030056L, 1451319497L, 944616950L, 
-1100073985L, 1256363572L, 256306085L, -1050209246L, 800250171L, 
544928576L, 873400897L, 2110882574L, -411326409L, 1304919820L, 
-381658979L, 1705242298L, -1507877645L, 1060898200L, -1259261255L, 
1467089702L, -744787089L, -876145948L, 1564718229L, -738710446L, 
-2075285589L, -1956777232L, 1384233521L, 1653052990L, 1601336743L, 
-1270304324L, -1057431667L, 171060458L, -480257693L, -886170808L, 
647397545L, 196516950L, 1132564191L, 836746132L, 138656133L, 
-936619902L, -602598885L, 1625677472L, 587294241L, -2140179090L, 
-140140777L, 1472958572L, 885269117L, 1498216218L, 1648898515L, 
-1876255496L, 957368985L, -798064250L, 110593615L, 2138542148L, 
-1252656523L, -1912176462L, -1871701877L, 1938667088L, 1896680977L, 
1060905118L, -781441913L, 1442519836L, -1248779923L, -447263414L, 
1663018563L, -1576236376L, -239234935L, -978537802L, -1022076481L, 
